Block 0:
198 -21 -14 33 -16 0 0 0 
-16 16 10 -26 18 0 0 0 
-10 9 0 -16 0 0 0 0 
20 -24 -15 20 -35 0 0 0 
-12 15 0 0 0 0 0 0 
0 0 0 0 0 0 0 0 
0 0 0 0 0 0 0 0 
0 0 0 0 0 0 0 0 

Block 1:
374 -70 -56 0 -16 0 0 0 
-112 -32 70 0 36 0 0 0 
-60 108 -33 0 -27 0 0 0 
30 -24 0 -20 35 0 0 0 
-12 30 -25 38 0 0 0 0 
32 -48 37 0 0 0 0 0 
0 0 0 0 0 0 0 0 
0 0 0 0 0 0 0 0 

Block 2:
220 -35 21 -11 0 0 0 0 
-48 32 -10 0 18 0 0 0 
40 -27 11 0 -27 0 0 0 
-40 36 -15 0 0 0 0 0 
36 -30 25 0 0 0 0 0 
-32 24 0 0 0 0 0 0 
33 0 0 0 0 0 0 0 
0 0 0 0 0 0 0 0 

Block 3:
242 133 133 -132 32 0 35 -41 
-48 168 -90 -13 54 -78 0 0 
80 9 -143 32 54 0 -47 38 
-10 36 -75 60 -35 -59 0 0 
12 -30 25 38 -46 0 0 0 
0 -24 0 0 0 0 0 0 
-33 44 0 0 0 0 0 0 
49 0 0 0 0 0 0 0 

Block 4:
132 144 0 -32 0 0 0 0 
60 -28 -36 45 0 0 0 0 
48 -54 0 0 0 0 0 0 
32 0 0 0 0 0 0 0 
0 0 0 0 0 0 0 0 
0 0 0 0 0 0 0 0 
0 0 0 0 0 0 0 0 
0 0 0 0 0 0 0 0 

Block 5:
-108 -132 16 32 0 0 0 0 
-60 28 18 -45 0 0 0 0 
-32 36 0 0 0 0 0 0 
-32 0 0 0 0 0 0 0 
0 0 0 0 0 0 0 0 
0 0 0 0 0 0 0 0 
0 0 0 0 0 0 0 0 
0 0 0 0 0 0 0 0 

Block 6:
407 -49 7 0 0 0 0 0 
0 104 -30 0 0 0 0 0 
-220 -81 22 0 0 0 0 0 
70 36 -15 0 0 0 0 0 
-84 -60 50 0 0 0 0 0 
80 0 -37 0 0 0 0 0 
0 0 0 0 0 0 0 0 
0 0 0 0 0 0 0 0 

Block 7:
308 98 0 0 16 0 0 0 
-104 -72 0 13 0 0 0 0 
20 -18 -33 -16 0 0 0 0 
0 24 30 -20 -35 0 0 0 
12 0 25 0 0 0 0 0 
-16 0 0 0 0 0 0 0 
0 0 0 0 0 0 0 0 
0 0 0 0 0 0 0 0 

Block 8:
121 252 28 -11 48 -81 -35 41 
-256 -136 80 -52 -36 39 41 0 
-80 -63 33 -48 27 0 47 0 
0 -48 30 60 105 -118 0 0 
60 45 -25 -38 0 74 0 0 
48 -72 37 -88 -55 71 0 0 
-33 0 53 59 0 0 0 0 
0 0 0 0 0 0 0 0 

Block 9:
308 -70 -168 -77 16 0 -35 0 
144 104 60 26 0 0 0 0 
0 72 33 0 0 0 0 0 
-30 -24 -15 20 35 0 0 0 
12 15 0 -38 -46 0 0 0 
0 0 0 0 0 0 0 0 
0 0 0 0 0 0 0 0 
0 0 0 0 0 0 0 0 

Block 10:
12 -72 48 -32 0 0 0 0 
60 -42 -18 45 0 0 0 0 
80 0 -38 0 0 0 0 0 
32 45 0 0 0 0 0 0 
0 0 0 0 0 0 0 0 
0 0 0 0 0 0 0 0 
0 0 0 0 0 0 0 0 
0 0 0 0 0 0 0 0 

Block 11:
0 60 -32 32 0 0 0 0 
-60 14 0 0 0 0 0 0 
-48 0 38 0 0 0 0 0 
-32 -45 0 0 0 0 0 0 
0 0 0 0 0 0 0 0 
0 0 0 0 0 0 0 0 
0 0 0 0 0 0 0 0 
0 0 0 0 0 0 0 0 

Block 12:
396 -119 -28 11 -16 0 0 0 
-8 -16 60 -26 -18 0 0 0 
0 -54 22 48 -27 0 0 0 
30 -12 -15 20 -35 0 0 0 
12 0 25 0 0 0 0 0 
16 0 0 0 0 0 0 0 
33 0 0 0 0 0 0 0 
49 0 0 0 0 0 0 0 

Block 13:
396 63 0 0 -48 -27 35 -123 
-160 0 0 0 108 117 0 37 
0 0 0 -48 27 39 -94 0 
10 72 150 0 -35 59 0 0 
-120 30 75 76 46 0 0 0 
-96 72 -37 0 0 -71 77 0 
66 -88 0 -59 0 0 0 0 
-49 0 65 67 0 0 0 0 

Block 14:
187 14 -28 11 -16 -27 35 0 
40 -16 -20 13 0 -39 0 0 
20 -9 -11 16 0 0 0 0 
0 -12 0 20 0 0 0 0 
0 0 0 0 0 0 0 0 
0 0 0 0 0 0 0 0 
0 0 0 0 0 0 0 0 
0 0 0 0 0 0 0 0 

Block 15:
605 -273 -28 55 0 -27 35 41 
-40 -40 60 39 -18 -39 -41 0 
-30 9 33 0 -27 0 0 0 
10 12 0 -20 0 0 0 0 
12 0 -25 0 0 0 0 0 
0 0 0 0 0 0 0 0 
0 0 0 0 0 0 0 0 
0 0 0 0 0 0 0 0 

Block 16:
12 48 64 64 0 0 0 0 
12 -14 -18 0 0 0 0 0 
16 0 0 0 0 0 0 0 
0 0 0 0 0 0 0 0 
0 0 0 0 0 0 0 0 
0 0 0 0 0 0 0 0 
0 0 0 0 0 0 0 0 
0 0 0 0 0 0 0 0 

Block 17:
-24 -60 -32 -32 0 0 0 0 
84 42 -36 -45 0 0 0 0 
-32 0 0 0 0 0 0 0 
-64 0 0 0 0 0 0 0 
0 0 0 0 0 0 0 0 
0 0 0 0 0 0 0 0 
0 0 0 0 0 0 0 0 
0 0 0 0 0 0 0 0 

Block 18:
539 203 -21 -44 0 0 0 0 
-344 80 80 -104 18 0 0 0 
-180 45 22 0 -27 0 0 0 
-10 12 -30 40 0 0 0 0 
84 30 -50 38 46 0 0 0 
112 48 0 0 55 0 0 0 
99 44 0 0 0 0 0 0 
49 63 0 0 0 0 0 0 

Block 19:
242 21 -7 -33 48 54 0 -41 
16 -8 10 0 -54 -39 -82 0 
-10 -9 -22 -32 0 -39 0 0 
10 -36 15 0 0 0 0 0 
24 0 0 0 0 0 0 0 
-16 24 0 0 0 0 0 0 
-132 0 -53 -59 0 0 0 0 
0 0 0 0 0 0 0 0 

Block 20:
858 70 -63 22 -16 0 0 0 
40 -24 30 13 0 39 0 0 
-20 18 -33 32 -27 0 0 0 
-20 24 -30 20 0 0 0 0 
0 0 0 0 0 0 0 0 
0 0 0 0 0 0 0 0 
0 0 0 0 0 0 0 0 
0 0 0 0 0 0 0 0 

Block 21:
253 84 56 33 16 27 35 0 
-56 -48 -20 0 0 0 0 0 
0 -9 -11 -16 0 0 0 0 
10 12 0 0 0 0 0 0 
0 15 25 0 0 0 0 0 
0 0 0 0 0 0 0 0 
0 0 0 0 0 0 0 0 
0 0 0 0 0 0 0 0 

Block 22:
96 -120 48 32 0 0 0 0 
0 0 -18 0 0 0 0 0 
-16 18 0 0 0 0 0 0 
0 0 0 0 0 0 0 0 
0 0 0 0 0 0 0 0 
0 0 0 0 0 0 0 0 
0 0 0 0 0 0 0 0 
0 0 0 0 0 0 0 0 

Block 23:
-84 96 -32 0 0 0 0 0 
12 0 18 0 0 0 0 0 
16 -18 0 0 0 0 0 0 
0 0 0 0 0 0 0 0 
0 0 0 0 0 0 0 0 
0 0 0 0 0 0 0 0 
0 0 0 0 0 0 0 0 
0 0 0 0 0 0 0 0 

