 85 156 216
 96 167 227
103 167 225
 97 161 219
 97 159 220
104 166 227
 98 165 234
 88 155 224
 99 171 244
 86 158 231
 91 153 222
103 165 234
122 164 214
114 156 206
128 150 185
136 158 193
 93 164 224
 91 162 222
 98 162 220
101 165 223
100 162 223
 96 158 219
 94 161 230
100 167 236
 81 153 226
 89 161 234
103 165 234
104 166 235
113 155 205
109 151 201
127 149 184
132 154 189
110 169 225
 98 157 213
 99 154 207
109 164 217
109 161 214
 98 150 203
101 153 207
115 167 221
100 150 201
107 157 208
119 156 196
119 156 196
143 160 181
164 181 202
195 193 200
201 199 206
110 169 225
100 159 215
 98 153 206
104 159 212
112 164 217
110 162 215
106 158 212
104 156 210
113 163 214
106 156 207
116 153 193
133 170 210
175 192 213
196 213 234
218 216 223
217 215 222
106 158 212
108 160 214
105 155 206
104 154 205
126 171 216
144 189 234
139 176 209
110 147 180
134 157 177
134 157 177
167 171 171
197 201 201
225 210 195
216 201 186
216 188 162
216 188 162
 98 150 204
108 160 214
108 158 209
105 155 206
132 177 222
160 205 250
153 190 223
115 152 185
129 152 172
148 171 191
192 196 196
209 213 213
221 206 191
214 199 184
230 202 176
243 215 189
102 153 214
107 158 219
103 157 215
103 157 215
123 173 220
139 189 236
145 177 202
121 153 178
149 156 154
182 189 187
224 206 182
217 199 175
227 192 156
237 202 166
239 199 159
226 186 146
111 162 223
107 158 219
102 156 214
104 158 216
112 162 209
112 162 209
122 154 179
116 148 173
157 164 162
200 207 205
235 217 193
215 197 173
225 190 154
228 193 157
179 139  99
103  63  23
107 162 230
109 164 232
 99 165 230
 93 159 224
 93 156 211
 98 161 216
122 161 188
124 163 190
184 185 176
227 228 219
219 192 159
223 196 163
255 222 186
157 122  86
 76  43  12
107  74  43
 95 150 218
 96 151 219
 93 159 224
 96 162 227
 99 162 217
 97 160 215
119 158 185
123 162 189
192 193 184
198 199 190
220 193 160
230 203 170
193 158 122
108  73  37
 84  51  20
174 141 110
112 164 228
107 159 223
 98 163 233
105 170 240
100 171 231
 93 164 224
118 161 189
128 171 199
217 217 207
193 193 183
220 191 161
202 173 143
 99  69  47
 82  52  30
 97  78  70
213 194 186
111 163 227
100 152 216
 87 152 222
 93 158 228
 90 161 221
 84 155 215
115 158 186
132 175 203
186 186 176
175 175 165
184 155 125
129 100  70
 49  19   0
133 103  81
150 131 123
235 216 208
124 157 210
116 149 202
102 156 217
108 162 223
102 167 221
 98 163 217
127 163 189
140 176 202
203 193 180
214 204 191
206 168 141
136  98  71
 84  54  44
182 152 142
157 147 160
209 199 212
123 156 209
125 158 211
114 168 229
114 168 229
102 167 221
 98 163 217
118 154 180
117 153 179
180 170 157
189 179 166
196 158 131
158 120  93
108  78  68
148 118 108
119 109 122
164 154 167
122 142 181
133 153 192
116 158 210
107 149 201
 96 152 199
107 163 210
132 161 179
126 155 173
187 168 150
173 154 136
213 167 140
221 175 148
164 131 128
182 149 146
206 198 223
235 227 252
138 158 197
151 171 210
133 175 227
122 164 216
125 181 228
160 216 255
207 236 254
208 237 255
207 188 170
162 143 125
208 162 135
219 173 146
146 113 110
168 135 132
240 232 255
230 222 247
230 222 247
130 146 173
132 148 175
121 156 176
123 158 178
114 164 185
115 165 186
115 165 206
115 165 206
114 151 218
123 160 227
128 157 235
119 148 226
107 146 215
113 152 221
113 163 214
113 163 214
155 171 198
155 171 198
140 175 195
136 171 191
119 169 190
113 163 184
106 156 197
103 153 194
116 153 220
112 149 216
122 151 229
134 163 241
131 170 239
121 160 229
107 157 208
106 156 207
208 195 191
212 199 195
208 209 199
209 210 200
193 208 199
181 196 187
165 182 190
156 173 181
150 162 198
130 142 178
123 140 196
146 163 219
139 178 235
121 160 217
 93 151 203
 96 154 206
216 203 199
217 204 200
209 210 200
211 212 202
201 216 207
200 215 206
196 213 221
195 212 220
179 191 227
154 166 202
132 149 205
137 154 210
124 163 220
115 154 211
 98 156 208
104 162 214
240 202 169
234 196 163
220 190 152
213 183 145
207 186 145
214 193 152
223 202 171
229 208 177
227 208 200
216 197 189
179 178 196
158 157 175
122 153 193
123 154 194
107 167 215
108 168 216
241 203 170
244 206 173
244 214 176
246 216 178
238 217 176
234 213 172
226 205 174
221 200 169
220 201 193
225 206 198
199 198 216
172 171 189
128 159 199
125 156 196
103 163 211
 98 158 206
180 152 119
189 161 128
203 175 139
217 189 153
230 199 156
234 203 160
241 202 155
239 200 153
231 194 154
233 196 156
217 199 183
208 190 174
161 179 193
143 161 175
110 158 194
109 157 193
 96  68  35
 90  62  29
 86  58  22
 95  67  31
126  95  52
167 136  93
217 178 131
244 205 158
243 206 166
232 195 155
218 200 184
227 209 193
185 203 217
155 173 187
120 168 204
128 176 212
119 117 108
 82  80  71
104  99  89
 66  61  51
 76  61  42
 68  53  34
115  85  47
221 191 153
229 191 142
245 207 158
233 207 170
235 209 172
189 192 189
159 162 159
142 168 194
137 163 189
111 109 100
125 123 114
107 102  92
 68  63  53
128 113  94
 79  64  45
 56  26   0
130 100  62
223 185 136
226 188 139
213 187 150
235 209 172
202 205 202
167 170 167
147 173 199
145 171 197
144 150 154
153 159 163
142 146 159
 76  80  93
 63  61  70
 89  87  96
144 129 114
 89  74  59
178 153 111
203 178 136
212 191 150
231 210 169
207 202 195
182 177 170
168 180 206
161 173 199
174 180 184
204 210 214
238 242 255
199 203 216
109 107 116
 97  95 104
192 177 162
105  90  75
123  98  56
188 163 121
220 199 158
229 208 167
196 191 184
182 177 170
176 188 214
160 172 198
255 241 235
255 243 237
165 149 163
190 174 188
253 243 255
121 111 134
 69  61  62
 84  76  77
 80  67  37
137 124  94
181 170 138
216 205 173
198 197 199
172 171 173
164 174 213
156 166 205
255 244 238
255 239 233
 95  79  93
112  96 110
255 254 255
140 130 153
 62  54  55
139 131 132
 81  68  38
 99  86  56
136 125  93
209 198 166
209 208 210
161 160 162
142 152 191
149 159 198
231 173 149
255 222 198
240 197 202
219 176 181
220 196 220
137 113 137
133 121 131
178 166 176
 78  73  53
106 101  81
139 139 115
193 193 169
185 191 203
143 149 161
132 145 199
136 149 203
255 240 216
255 220 196
255 216 221
244 201 206
199 175 199
126 102 126
105  93 103
 79  67  77
 72  67  47
149 144 124
188 188 164
189 189 165
152 158 170
135 141 153
138 151 205
128 141 195
128 141 195
114 170 205
129 185 220
155 162 182
137 144 164
198 159 164
255 216 221
255 232 235
244 206 209
235 231 242
134 130 141
 86 111 127
138 163 179
 44  67  73
 59  82  88
128 135 131
131 138 134
 89 145 180
100 156 191
140 147 167
136 143 163
181 142 147
206 167 172
218 180 183
215 177 180
172 168 179
163 159 170
152 177 193
248 255 255
143 166 172
131 154 160
201 208 204
143 150 146
140 167 210
145 172 215
189 173 198
198 182 207
222 165 172
215 158 165
232 171 175
254 193 197
126  95 112
156 125 142
182 176 198
215 209 231
204 196 208
232 224 236
158 136 137
209 187 188
130 157 200
134 161 204
179 163 188
188 172 197
207 150 157
193 136 143
208 147 151
233 172 176
175 144 161
173 142 159
178 172 194
154 148 170
172 164 176
219 211 223
 42  20  21
131 109 110
153 157 206
166 170 219
208 177 204
214 183 210
238 174 178
234 170 174
236 168 167
236 168 167
255 255 255
242 194 206
136 104 127
123  91 114
118  83  99
246 211 227
208 161 165
192 145 149
133 137 186
151 155 204
197 166 193
208 177 204
248 184 188
252 188 192
237 169 168
212 144 143
208 160 172
255 255 255
255 255 255
246 214 237
167 132 148
255 242 255
255 212 216
255 241 245
132 145 193
138 151 199
169 160 177
189 180 197
232 200 187
239 207 194
226 187 170
200 161 144
201 171 169
255 255 255
232 208 220
174 150 162
173 144 152
255 229 237
126  89  85
161 124 120
141 154 202
130 143 191
150 141 158
174 165 182
220 188 175
228 196 183
225 186 169
213 174 157
148 118 116
255 253 251
177 153 165
243 219 231
231 202 210
249 220 228
227 190 186
239 202 198
110 155 196
123 168 209
129 165 169
122 158 162
176 199 167
180 203 171
140 154 115
148 162 123
146 155 136
168 177 158
150 154 153
136 140 139
216 214 211
236 234 231
253 248 232
250 245 229
109 154 195
125 170 211
136 172 176
124 160 164
165 188 156
166 189 157
134 148 109
147 161 122
152 161 142
159 168 149
141 145 144
134 138 137
217 215 212
238 236 233
253 248 232
253 248 232
 93 160 201
110 177 218
119 187 186
102 170 169
119 187 142
118 186 141
101 156 102
119 174 120
136 173 143
131 168 138
134 156 147
141 163 154
222 237 228
235 250 241
236 252 230
238 254 232
 93 160 201
104 171 212
116 184 183
 98 166 165
108 176 131
110 178 133
100 155 101
115 170 116
134 171 141
126 163 133
159 181 172
177 199 190
244 255 250
243 255 249
230 246 224
234 250 228
100 160 210
100 160 210
105 176 180
 91 162 166
 96 174 128
103 181 135
 99 162 106
105 168 112
137 174 144
128 165 135
188 201 197
203 216 212
251 255 252
245 249 246
230 236 222
241 247 233
103 163 213
 95 155 205
101 172 176
 91 162 166
 94 172 126
106 184 138
103 166 110
102 165 109
145 182 152
129 166 136
197 210 206
197 210 206
231 235 232
234 238 235
226 232 218
242 248 234
116 158 220
105 147 209
114 172 185
104 162 175
 97 165 126
110 178 139
109 163 113
105 159 109
157 179 155
136 158 134
211 204 207
202 195 198
230 217 222
246 233 238
236 225 220
245 234 229
116 158 220
107 149 211
120 178 191
109 167 180
 95 163 124
106 174 135
109 163 113
105 159 109
152 174 150
131 153 129
213 206 209
204 197 200
234 221 226
255 242 247
235 224 219
234 223 218
234 223 218
229 216 222
212 199 205
194 187 181
171 164 158
114 112  99
 58  56  43
 48  52  49
 76  80  77
100 110 131
175 185 206
131 148 188
155 172 212
130 157 200
108 135 178
131 165 206
134 168 209
 87  74  80
138 125 131
140 133 127
 74  67  61
 21  19   6
 40  38  25
 79  83  80
100 104 101
171 181 202
196 206 227
134 151 191
161 178 218
150 177 220
152 179 222
171 205 246
155 189 230
247 234 240
255 253 255
255 253 247
210 203 197
141 139 126
116 114 101
138 145 141
180 187 183
107 121 143
136 150 172
125 149 191
155 179 221
 96 130 179
 79 113 162
 93 133 180
 81 121 168
255 244 250
233 220 226
240 233 227
255 255 255
244 242 229
188 186 173
177 184 180
218 225 221
194 208 230
157 171 193
135 159 201
166 190 232
118 152 201
130 164 213
138 178 225
116 156 203
253 242 247
250 239 244
252 245 238
255 255 248
255 255 243
234 234 220
192 200 198
166 174 172
190 208 232
130 148 172
126 159 206
162 195 242
113 157 214
140 184 241
142 197 252
136 191 246
240 229 234
251 240 245
250 243 236
243 236 229
245 245 231
251 251 237
222 230 228
186 194 192
117 135 159
 79  97 121
120 153 200
152 185 232
 82 126 183
 89 133 190
 79 134 189
106 161 216
255 252 255
255 246 253
247 242 234
245 240 232
240 241 224
230 231 214
199 208 203
179 188 183
201 221 244
124 144 167
134 172 223
157 195 246
109 163 224
129 183 244
 94 160 222
127 193 255
247 238 245
252 243 250
248 243 235
243 238 230
249 250 233
250 251 234
208 217 212
162 171 166
134 154 177
 95 115 138
143 181 232
165 203 254
 99 153 214
 94 148 209
 49 115 177
105 171 233
250 247 254
237 234 241
244 241 234
249 246 239
246 247 230
255 255 242
230 239 232
171 180 173
156 175 196
131 150 171
122 160 209
116 154 203
 93 151 211
102 160 220
 89 159 222
 94 164 227
251 248 255
240 237 244
246 243 236
249 246 239
240 241 224
250 251 234
239 248 241
205 214 207
146 165 186
122 141 162
119 157 206
119 157 206
101 159 219
110 168 228
 91 161 224
 91 161 224
247 249 255
239 241 252
247 248 241
247 248 241
235 236 218
240 241 223
246 252 240
242 248 236
159 174 189
130 145 160
122 155 198
120 153 196
103 158 213
114 169 224
 94 162 221
 93 161 220
243 245 255
239 241 252
247 248 241
248 249 242
238 239 221
232 233 215
235 241 229
243 249 237
189 204 219
148 163 178
126 159 202
114 147 190
 95 150 205
109 164 219
 94 162 221
 95 163 222
232 240 254
234 242 255
242 247 241
245 250 244
245 246 226
229 230 210
216 218 203
219 221 206
209 218 229
167 176 187
141 167 204
126 152 189
102 150 200
115 163 213
 99 161 214
100 162 215
223 231 245
235 243 255
240 245 239
241 246 240
251 252 232
232 233 213
201 203 188
191 193 178
203 212 223
168 177 188
150 176 213
139 165 202
113 161 211
121 169 219
100 162 215
 99 161 214
213 224 238
236 247 255
239 246 242
233 240 236
251 252 232
236 237 217
201 200 183
185 184 167
203 208 215
172 177 184
158 179 212
147 168 201
118 161 205
124 167 211
106 162 211
108 164 213
208 219 233
240 251 255
241 248 244
228 235 231
248 249 229
238 239 219
206 205 188
190 189 172
212 217 224
177 182 189
158 179 212
141 162 195
109 152 196
117 160 204
106 162 211
114 170 219
