Block 0:
18 -3 -2 -1 2 -2 3 1 
1 2 -1 -2 0 -2 -1 0 
1 -1 -1 1 0 0 0 0 
1 0 0 0 0 0 0 -1 
0 0 0 0 0 0 0 0 
0 0 0 0 0 0 0 0 
0 0 0 0 0 0 0 0 
0 0 0 0 0 0 0 0 

Block 1:
34 -10 -14 -6 -4 -8 0 7 
12 3 -1 -2 -3 0 -1 0 
2 0 0 2 2 0 -2 -1 
-1 -1 0 0 0 0 0 1 
1 1 0 0 0 0 0 0 
0 0 0 0 0 0 0 0 
0 0 0 0 0 0 0 0 
0 0 0 0 0 0 0 0 

Block 2:
20 -5 -6 4 4 3 -1 -1 
-3 -4 3 3 1 0 0 0 
1 0 -1 -2 -2 1 1 1 
0 -1 0 0 0 0 0 0 
0 0 0 0 0 0 0 0 
0 0 0 0 0 0 0 0 
0 0 0 0 0 0 0 0 
0 0 0 0 0 0 0 0 

Block 3:
22 19 -6 8 21 19 -12 -9 
1 -1 1 3 -13 -1 2 0 
3 2 -5 -2 0 -1 -1 1 
3 2 -2 1 -1 0 0 -1 
1 0 1 1 0 0 0 -1 
-1 -1 0 1 0 0 0 0 
0 0 0 0 0 0 0 0 
0 0 0 0 0 0 0 0 

Block 4:
11 12 5 3 -2 0 -1 -2 
-3 1 0 0 0 1 0 0 
0 0 0 0 0 0 0 0 
0 0 0 0 0 0 0 0 
0 0 0 0 0 0 0 0 
0 0 0 0 0 0 0 0 
0 0 0 0 0 0 0 0 
0 0 0 0 0 0 0 0 

Block 5:
-9 -11 -5 -2 2 1 1 1 
2 -1 0 0 0 -1 0 0 
0 0 0 0 0 0 0 0 
0 0 0 0 0 0 0 0 
0 0 0 0 0 0 0 0 
0 0 0 0 0 0 0 0 
0 0 0 0 0 0 0 0 
0 0 0 0 0 0 0 0 

Block 6:
37 -7 0 -22 13 1 0 -3 
-9 7 -7 3 2 0 0 0 
0 0 -1 -4 5 0 0 2 
0 0 0 0 0 0 0 0 
0 -1 0 0 0 0 0 0 
0 0 0 0 0 0 0 0 
0 0 0 0 0 0 0 0 
0 0 0 0 0 0 0 0 

Block 7:
28 14 -13 2 -9 0 0 0 
-2 0 1 2 -3 1 1 0 
0 -1 2 0 -1 0 0 1 
-1 0 0 0 0 0 0 -1 
0 0 0 0 0 0 0 0 
0 0 0 0 0 0 0 0 
0 0 0 0 0 0 0 0 
0 0 0 0 0 0 0 0 

Block 8:
11 36 -32 -8 -17 4 -1 8 
-7 0 5 -4 3 -4 3 -3 
-2 -3 2 3 3 -1 -3 -1 
3 1 1 -1 1 1 0 3 
-1 1 0 0 0 1 -2 0 
-2 1 0 0 0 1 -1 1 
0 0 0 1 0 0 0 0 
0 0 0 0 0 0 0 0 

Block 9:
28 -10 18 0 13 -24 -7 6 
8 -3 1 -2 3 2 1 0 
0 0 -1 1 0 0 0 0 
1 0 0 -1 0 0 0 1 
-1 0 0 0 0 0 0 -1 
0 0 0 0 0 0 0 0 
0 0 0 0 0 0 0 0 
0 0 0 0 0 0 0 0 

Block 10:
1 -6 5 5 -3 3 -1 -1 
0 1 0 1 -1 1 0 0 
0 0 0 0 0 0 0 0 
0 0 0 0 0 0 0 0 
0 0 0 0 0 0 0 0 
0 0 0 0 0 0 0 0 
0 0 0 0 0 0 0 0 
0 0 0 0 0 0 0 0 

Block 11:
0 5 -5 -3 1 -2 1 0 
0 -1 0 -1 1 0 0 0 
0 0 0 0 0 0 0 0 
0 0 0 0 0 0 0 0 
0 0 0 0 0 0 0 0 
0 0 0 0 0 0 0 0 
0 0 0 0 0 0 0 0 
0 0 0 0 0 0 0 0 

Block 12:
36 -17 -1 0 -2 -4 1 6 
-6 3 1 -1 2 -2 -1 0 
-1 3 -1 0 1 1 0 1 
1 -1 0 0 0 0 0 -1 
0 0 0 1 0 0 0 0 
0 0 0 0 0 0 0 0 
0 0 0 0 0 0 0 0 
0 0 0 0 0 0 0 0 

Block 13:
36 9 -20 0 0 0 0 0 
0 1 -10 6 0 0 -3 -1 
6 -3 10 2 -6 2 3 3 
0 1 3 1 -3 0 1 -1 
2 -1 -2 -1 0 0 0 1 
1 -2 1 0 0 0 0 -1 
1 1 0 -1 0 0 0 1 
0 0 0 0 0 0 0 0 

Block 14:
17 2 5 2 -2 -4 1 -2 
-1 0 0 -1 -1 1 -1 -1 
0 1 0 0 0 0 0 0 
1 0 -1 1 0 0 0 0 
0 0 0 0 0 0 0 0 
0 0 0 0 0 0 0 0 
0 0 0 0 0 0 0 0 
0 0 0 0 0 0 0 0 

Block 15:
55 -39 -5 -3 -5 -4 5 6 
1 1 1 1 3 3 0 -1 
-1 0 0 0 0 0 0 -1 
-1 -1 -1 1 1 -1 0 0 
0 0 0 0 0 0 0 0 
0 0 0 0 0 0 0 0 
0 0 0 0 0 0 0 0 
0 0 0 0 0 0 0 0 

Block 16:
1 4 1 1 -1 4 2 -1 
0 0 0 0 0 0 0 0 
0 0 0 0 0 0 0 0 
0 0 0 0 0 0 0 0 
0 0 0 0 0 0 0 0 
0 0 0 0 0 0 0 0 
0 0 0 0 0 0 0 0 
0 0 0 0 0 0 0 0 

Block 17:
-2 -5 7 -2 3 -2 -1 -2 
0 -2 0 0 0 -1 0 0 
0 0 0 0 0 0 0 0 
0 0 0 0 0 0 0 0 
0 0 0 0 0 0 0 0 
0 0 0 0 0 0 0 0 
0 0 0 0 0 0 0 0 
0 0 0 0 0 0 0 0 

Block 18:
49 29 -43 -18 10 -3 -4 8 
5 -1 7 1 2 -8 0 0 
1 0 -2 2 7 3 2 -2 
2 -1 0 0 0 0 0 0 
1 0 1 1 1 0 0 1 
0 0 0 0 0 0 1 0 
0 0 0 0 0 0 0 0 
0 0 0 0 0 0 0 0 

Block 19:
22 3 2 -1 -1 -1 -3 1 
-1 1 2 -3 -2 0 3 2 
-3 -2 1 0 -1 -4 1 0 
0 0 -1 0 -1 -2 -1 0 
0 0 0 0 0 -1 0 0 
0 0 0 0 0 0 0 -1 
0 0 0 0 0 0 0 0 
0 0 0 0 0 0 0 0 

Block 20:
78 10 5 -2 -3 -9 2 3 
2 -2 0 2 -3 1 -1 0 
0 2 -2 0 0 0 0 0 
1 -1 1 0 0 0 0 0 
0 0 0 0 0 0 0 0 
0 0 0 0 0 0 0 0 
0 0 0 0 0 0 0 0 
0 0 0 0 0 0 0 0 

Block 21:
23 12 -7 0 -6 8 3 -2 
-1 1 0 1 -1 0 1 1 
0 -1 0 1 0 0 0 1 
0 0 0 1 0 0 0 0 
0 0 0 0 0 0 0 0 
0 0 0 0 0 0 0 0 
0 0 0 0 0 0 0 0 
0 0 0 0 0 0 0 0 

Block 22:
8 -10 0 -1 0 3 1 -1 
1 0 0 0 0 0 0 0 
0 0 0 0 0 0 0 0 
0 0 0 0 0 0 0 0 
0 0 0 0 0 0 0 0 
0 0 0 0 0 0 0 0 
0 0 0 0 0 0 0 0 
0 0 0 0 0 0 0 0 

Block 23:
-7 8 1 1 0 -2 0 1 
-1 0 0 0 0 0 0 0 
0 0 0 0 0 0 0 0 
0 0 0 0 0 0 0 0 
0 0 0 0 0 0 0 0 
0 0 0 0 0 0 0 0 
0 0 0 0 0 0 0 0 
0 0 0 0 0 0 0 0 

