Block 0 (Input to MCU):
14 25 27 21 20 27 25 15 
22 20 22 25 23 19 21 27 
30 18 16 26 24 13 16 30 
30 20 15 21 27 25 21 19 
21 23 18 17 35 53 41 12 
13 23 21 18 41 69 55 17 
17 22 20 20 36 52 43 19 
26 22 19 21 25 25 20 14 

Block 1 (Input to MCU):
30 17 15 27 30 22 20 28 
12 20 27 28 21 17 19 24 
13 20 22 22 30 51 67 73 
26 19 19 36 62 83 90 89 
25 25 42 72 85 76 66 66 
20 39 67 84 81 74 80 93 
26 59 81 74 71 81 79 66 
34 77 92 72 69 72 19 -57 

Block 2 (Input to MCU):
26 28 25 19 16 21 25 27 
14 15 19 22 22 20 22 26 
28 23 24 31 29 22 24 34 
27 16 13 19 19 13 21 38 
26 18 19 25 26 22 28 41 
25 27 31 31 26 22 19 18 
13 24 24 15 13 24 27 21 
29 42 41 30 42 77 102 103 

Block 3 (Input to MCU):
56 99 69 73 101 1 -78 -47 
64 70 70 80 37 -48 -70 20 
88 64 69 51 -52 -69 -45 71 
57 46 33 -22 -102 -18 8 93 
67 78 49 -21 -66 32 24 76 
44 53 39 1 -42 -2 -14 31 
44 30 50 58 13 31 76 105 
64 19 45 56 -5 17 110 100 

Block 4 (Input to MCU):
42 40 41 46 49 45 32 21 
38 36 35 36 34 26 13 3 
36 34 30 23 14 1 -10 -18 
39 38 32 18 0 -15 -24 -27 
43 44 38 20 -4 -21 -24 -21 
41 46 42 21 -5 -20 -16 -7 
32 40 38 19 -8 -20 -10 5 
23 33 33 14 -12 -21 -7 11 

Block 5 (Input to MCU):
-40 -37 -36 -39 -42 -37 -25 -14 
-34 -32 -30 -30 -29 -22 -10 0 
-30 -29 -26 -21 -13 -2 9 16 
-30 -32 -29 -18 -3 11 20 23 
-33 -38 -36 -22 0 16 20 19 
-31 -38 -40 -24 1 17 17 10 
-21 -32 -37 -20 6 21 16 4 
-13 -25 -32 -16 11 25 17 2 

Block 6 (Input to MCU):
17 19 20 22 24 25 27 27 
42 42 39 35 29 23 18 15 
71 75 80 81 75 63 50 41 
79 80 81 83 83 82 81 80 
82 76 67 60 60 67 77 83 
83 86 91 93 91 87 80 75 
29 38 52 66 76 80 81 79 
-55 -61 -65 -56 -28 13 57 84 

Block 7 (Input to MCU):
20 29 30 21 15 21 26 26 
22 18 24 36 39 29 20 19 
35 15 14 37 45 27 12 15 
64 39 23 28 30 21 17 23 
85 74 53 32 21 22 27 28 
78 83 73 46 27 24 23 18 
73 75 75 66 48 30 20 19 
85 74 76 85 72 42 30 38 

Block 8 (Input to MCU):
-11 -48 -28 -66 -64 -72 -38 68 
-19 -5 -25 -64 -12 -61 -97 -23 
21 30 19 -47 -65 -39 4 -51 
51 81 115 76 -19 -31 52 -35 
120 122 28 53 121 -11 -64 -49 
123 118 -42 -25 132 8 -71 6 
60 109 83 62 78 -5 -2 43 
127 107 102 87 57 -16 -30 -56 

Block 9 (Input to MCU):
69 85 83 85 63 33 36 31 
63 66 63 85 76 41 41 39 
28 53 65 84 75 50 52 45 
-27 38 73 82 64 50 60 44 
-60 -3 42 77 70 44 48 40 
-59 -41 -3 70 81 33 26 33 
-55 -27 9 63 63 21 20 24 
-61 16 58 59 30 13 26 16 

Block 10 (Input to MCU):
16 16 19 29 40 44 41 34 
-4 -5 -2 7 20 31 35 36 
-23 -24 -24 -19 -7 9 25 34 
-21 -23 -27 -30 -26 -11 10 26 
-5 -6 -12 -24 -31 -23 -1 17 
3 7 4 -10 -25 -24 -4 15 
-7 4 10 -1 -17 -18 1 21 
-22 -5 8 3 -11 -12 7 29 

Block 11 (Input to MCU):
-10 -19 -27 -28 -24 -21 -25 -29 
7 0 -7 -9 -9 -13 -24 -33 
22 18 14 13 10 -1 -19 -34 
17 17 19 23 22 10 -10 -27 
2 3 9 18 23 16 -1 -15 
-3 -3 0 9 16 14 3 -8 
13 7 3 4 9 8 0 -8 
31 21 10 5 4 2 -4 -11 

Block 12 (Input to MCU):
30 45 35 17 44 101 116 90 
5 16 20 16 27 52 64 61 
36 41 53 62 55 48 62 84 
26 30 43 52 40 26 38 63 
34 47 62 68 66 62 61 61 
14 32 51 62 76 80 62 37 
19 25 37 57 81 88 69 43 
28 17 18 42 69 77 68 56 

Block 13 (Input to MCU):
106 5 -22 30 -67 -52 5 8 
43 34 44 140 32 20 78 20 
-21 9 53 86 72 100 15 66 
28 26 49 25 40 87 -101 -12 
144 82 -11 -24 -32 96 48 32 
48 155 152 99 17 127 99 128 
52 160 89 31 26 111 -28 7 
-1 134 34 100 84 102 73 85 

Block 14 (Input to MCU):
19 32 27 20 61 65 18 26 
18 34 34 22 50 51 12 25 
17 34 39 22 34 33 6 24 
17 28 36 18 23 25 5 20 
20 20 28 14 18 25 9 15 
23 15 24 14 16 28 13 12 
25 14 29 19 13 26 14 10 
25 16 35 24 11 22 14 10 

Block 15 (Input to MCU):
23 45 25 11 87 107 120 117 
29 36 16 9 88 109 120 120 
31 26 21 28 104 117 117 119 
29 21 46 64 126 125 111 115 
32 23 69 84 126 120 105 116 
40 24 78 78 106 109 101 117 
42 21 79 70 94 110 100 109 
37 16 81 72 98 119 99 98 

Block 16 (Input to MCU):
27 11 -4 -5 5 12 7 -1 
26 10 -6 -8 3 10 5 -3 
25 8 -9 -12 -2 6 2 -6 
26 7 -12 -15 -6 2 -1 -8 
28 8 -12 -17 -8 0 -2 -9 
32 11 -11 -18 -9 -1 -2 -8 
35 14 -10 -17 -9 0 -1 -6 
38 16 -8 -16 -8 0 0 -4 

Block 17 (Input to MCU):
-31 -5 19 19 1 -14 -12 -3 
-17 6 28 30 14 1 3 11 
-6 13 32 34 23 14 16 23 
-10 3 17 21 15 11 14 19 
-26 -18 -9 -4 -3 -2 1 4 
-37 -34 -30 -23 -16 -10 -7 -6 
-34 -36 -35 -27 -16 -6 -2 -2 
-26 -30 -31 -23 -9 3 6 6 

Block 18 (Input to MCU):
93 76 61 38 -16 -72 -77 -49 
-49 2 7 -59 -109 -90 -46 -25 
111 130 127 77 11 -14 15 57 
121 97 107 137 114 58 54 95 
118 115 119 129 128 105 70 44 
105 116 117 110 116 122 100 64 
128 122 115 113 111 101 77 57 
114 119 116 111 120 121 86 40 

Block 19 (Input to MCU):
-18 57 20 44 26 4 32 35 
53 78 23 50 46 48 72 56 
-8 21 19 49 -2 -19 -1 -13 
79 42 29 60 20 32 44 22 
78 18 27 63 23 50 59 53 
5 -33 21 53 -8 -1 -4 23 
90 13 39 62 26 46 20 53 
23 -16 48 70 16 11 -25 31 

Block 20 (Input to MCU):
121 108 114 119 117 129 108 49 
122 111 116 119 111 121 117 83 
122 114 119 119 106 111 121 117 
118 114 119 120 109 103 110 118 
112 114 117 120 116 100 88 91 
103 115 115 116 122 103 73 63 
95 118 116 110 122 107 71 55 
90 122 118 105 119 109 76 60 

Block 21 (Input to MCU):
44 19 27 21 13 22 18 23 
34 10 24 24 21 30 20 20 
44 15 23 21 20 31 21 20 
74 33 27 15 12 26 21 22 
89 47 36 21 14 27 21 22 
83 48 45 34 25 33 22 21 
80 49 49 38 26 32 23 25 
89 54 49 32 17 25 23 31 

Block 22 (Input to MCU):
1 -4 -7 -1 12 23 26 26 
1 -4 -7 -1 13 25 30 30 
1 -5 -7 0 15 29 36 37 
2 -5 -8 -1 15 32 40 42 
3 -4 -8 -2 14 31 40 43 
6 -3 -9 -5 10 27 37 41 
8 -2 -10 -7 7 23 33 37 
9 -1 -10 -9 4 20 29 34 

Block 23 (Input to MCU):
6 4 2 -2 -7 -12 -17 -20 
6 4 2 -3 -9 -15 -21 -24 
5 4 1 -4 -11 -20 -27 -32 
4 3 1 -4 -12 -23 -32 -38 
1 2 1 -4 -11 -23 -34 -40 
-2 0 1 -2 -9 -20 -32 -39 
-5 -2 1 0 -5 -16 -28 -35 
-7 -3 1 2 -3 -13 -25 -32 

