Image Dimensions: 30x30
Num Components: 3

Quantization Table 0 (Luma):
11 7 8 10 8 7 11 10 
9 10 12 12 11 13 16 27 
18 16 15 15 16 33 24 25 
20 27 39 35 41 41 39 35 
38 37 44 49 63 53 44 46 
59 47 37 38 54 74 55 59 
65 67 70 71 70 42 52 77 
82 76 68 82 63 69 70 67 

Quantization Table 1 (Chroma):
12 12 12 16 14 16 32 18 
18 32 67 45 38 45 67 67 
67 67 67 67 67 67 67 67 
67 67 67 67 67 67 67 67 
67 67 67 67 67 67 67 67 
67 67 67 67 67 67 67 67 
67 67 67 67 67 67 67 67 
67 67 67 67 67 67 67 67 

Huffman DC0 Counts:
0 3 0 3 0 0 0 0 0 0 0 0 0 0 0 0 
Huffman AC0 Counts:
0 2 1 3 3 3 4 3 1 0 0 0 0 0 0 0 
Huffman DC1 Counts:
1 1 1 1 0 0 0 0 0 0 0 0 0 0 0 0 
Huffman AC1 Counts:
0 2 2 3 1 1 0 0 0 0 0 0 0 0 0 0 
