Block 0 (Input to MCU):
15 25 27 21 21 27 25 15 
22 20 22 25 23 19 21 27 
30 18 17 26 25 13 16 30 
30 20 15 21 27 25 21 19 
21 23 18 17 35 53 40 13 
13 23 21 17 41 69 55 17 
17 22 20 20 36 53 43 19 
25 22 19 21 25 25 20 14 

Block 1 (Input to MCU):
29 17 15 26 30 22 21 28 
13 20 27 27 21 17 19 24 
13 20 22 21 31 51 67 73 
26 19 19 36 62 83 90 89 
25 25 42 71 85 76 66 65 
21 39 67 84 81 74 80 93 
27 60 81 74 71 81 80 66 
34 77 92 72 69 72 19 -57 

Block 2 (Input to MCU):
26 28 25 19 16 20 26 28 
14 16 19 22 22 20 22 26 
28 23 24 31 29 22 24 34 
27 16 13 20 19 13 21 38 
25 18 18 26 26 22 29 41 
24 27 31 30 26 21 18 18 
13 24 25 15 14 24 27 22 
28 42 41 30 42 78 102 103 

Block 3 (Input to MCU):
56 99 69 73 101 1 -77 -47 
65 70 70 81 37 -48 -70 20 
89 65 69 51 -51 -69 -45 70 
57 46 33 -22 -102 -18 7 93 
67 79 49 -20 -66 32 24 76 
44 53 39 1 -42 -2 -14 31 
45 30 50 58 13 31 76 105 
64 19 45 56 -6 17 110 100 

Block 4 (Input to MCU):
42 40 41 46 49 45 32 21 
38 36 35 35 34 26 13 3 
36 34 30 23 13 1 -10 -18 
39 38 32 18 0 -15 -24 -27 
43 45 39 20 -4 -20 -24 -21 
41 46 42 22 -5 -20 -16 -6 
32 40 38 19 -8 -20 -10 6 
23 32 33 14 -12 -22 -7 12 

Block 5 (Input to MCU):
-40 -37 -36 -39 -42 -37 -25 -15 
-34 -32 -30 -30 -29 -22 -10 0 
-30 -29 -26 -21 -12 -2 9 16 
-31 -32 -29 -18 -3 12 20 23 
-33 -38 -36 -22 0 16 20 18 
-31 -39 -40 -24 1 18 17 9 
-22 -33 -37 -20 6 21 16 4 
-13 -26 -32 -16 11 26 17 3 

Block 6 (Input to MCU):
17 18 20 22 24 26 27 27 
42 41 39 35 29 23 18 15 
71 75 80 81 75 63 50 41 
79 80 82 83 83 82 81 80 
82 76 66 60 60 67 77 83 
83 86 91 93 92 86 79 75 
29 38 52 66 76 81 81 80 
-55 -61 -65 -56 -28 14 57 84 

Block 7 (Input to MCU):
20 29 31 20 15 21 27 27 
22 18 24 36 39 28 20 19 
35 15 14 37 45 26 12 15 
64 39 24 28 30 21 18 23 
84 74 53 32 21 22 27 28 
78 83 73 46 27 24 23 18 
73 75 75 66 48 30 20 19 
84 74 76 85 72 42 30 38 

Block 8 (Input to MCU):
-11 -49 -28 -65 -64 -72 -38 68 
-20 -5 -25 -64 -13 -61 -97 -23 
21 30 19 -46 -65 -39 4 -51 
51 81 115 76 -19 -31 52 -35 
120 121 28 52 120 -11 -64 -49 
123 118 -42 -25 132 9 -71 6 
60 109 83 62 78 -5 -2 43 
127 107 101 87 57 -17 -30 -57 

Block 9 (Input to MCU):
69 86 82 85 63 33 36 31 
63 66 63 85 76 41 41 39 
28 53 64 84 75 50 52 45 
-27 38 73 82 64 50 59 44 
-59 -3 42 77 70 44 47 40 
-58 -42 -3 70 80 33 26 34 
-55 -27 9 63 63 21 20 24 
-62 16 58 59 30 13 26 16 

Block 10 (Input to MCU):
16 15 19 28 40 44 40 34 
-4 -5 -3 7 20 31 35 36 
-23 -25 -24 -19 -6 10 25 34 
-21 -23 -27 -30 -26 -11 10 26 
-5 -6 -12 -24 -31 -23 -1 17 
3 7 4 -10 -25 -24 -4 15 
-7 4 10 -1 -17 -18 1 21 
-22 -6 8 3 -11 -12 8 29 

Block 11 (Input to MCU):
-11 -19 -27 -28 -24 -21 -25 -29 
7 0 -7 -9 -9 -13 -24 -33 
22 18 14 13 10 -1 -19 -34 
17 17 19 23 22 10 -10 -26 
2 3 9 18 23 16 -1 -15 
-3 -3 0 9 16 14 3 -7 
13 7 3 4 8 8 0 -7 
31 21 10 4 4 2 -4 -11 

Block 12 (Input to MCU):
30 45 35 16 44 101 116 90 
5 16 20 16 28 52 64 61 
36 41 53 62 56 48 62 84 
26 30 43 51 39 26 38 63 
34 48 62 69 67 63 61 61 
14 32 50 62 75 80 62 37 
19 25 37 57 81 88 69 43 
28 17 18 42 69 78 68 56 

Block 13 (Input to MCU):
135 75 41 52 -14 -12 35 99 
99 97 31 -3 -6 19 -28 -63 
80 98 33 2 9 -16 -62 -26 
55 58 38 39 10 -62 -38 100 
49 45 68 77 44 4 45 114 
63 39 83 100 77 68 109 109 
46 26 70 77 64 60 114 120 
33 55 91 59 62 81 127 114 

Block 14 (Input to MCU):
19 32 27 20 61 65 19 26 
18 34 34 22 49 50 12 26 
16 34 39 22 34 33 6 24 
17 28 36 18 23 25 5 20 
20 20 28 14 18 26 9 15 
23 15 24 14 16 28 13 12 
25 14 29 19 14 26 14 10 
26 16 35 24 11 22 14 10 

Block 15 (Input to MCU):
23 45 24 11 87 107 120 116 
29 36 16 9 88 109 120 120 
31 26 21 28 104 117 118 119 
29 21 46 64 126 125 112 115 
32 23 69 83 126 120 105 116 
40 24 78 78 106 110 101 117 
42 21 80 70 95 110 100 110 
37 16 81 72 99 119 100 98 

Block 16 (Input to MCU):
27 11 -5 -5 5 12 7 -2 
26 10 -7 -8 3 9 5 -4 
26 8 -9 -12 -2 6 2 -6 
26 8 -11 -15 -6 2 -1 -8 
28 9 -12 -17 -8 0 -2 -9 
32 11 -11 -18 -9 -1 -2 -8 
35 14 -10 -17 -9 0 -1 -6 
38 16 -8 -16 -9 0 0 -5 

Block 17 (Input to MCU):
-31 -6 19 20 1 -14 -12 -2 
-17 6 28 30 14 1 3 12 
-6 13 32 34 23 14 16 23 
-10 3 17 21 16 11 14 19 
-26 -18 -9 -4 -3 -2 1 5 
-36 -34 -30 -23 -16 -10 -7 -5 
-34 -36 -35 -27 -16 -6 -2 -2 
-26 -31 -31 -23 -9 2 6 6 

Block 18 (Input to MCU):
93 76 61 38 -16 -72 -77 -49 
-49 3 7 -59 -109 -90 -46 -25 
111 130 128 77 11 -15 15 57 
121 97 107 136 114 58 53 95 
118 115 119 129 128 105 69 44 
105 117 117 110 116 122 99 64 
128 122 115 113 112 100 77 56 
114 120 116 111 120 121 86 40 

Block 19 (Input to MCU):
-22 49 55 45 20 32 14 29 
14 44 33 21 18 24 13 26 
35 24 19 25 55 40 27 26 
70 26 22 36 79 49 42 36 
107 44 25 24 50 25 37 41 
73 28 19 21 24 12 24 24 
21 10 16 33 15 24 24 12 
24 22 20 32 -1 30 32 18 

Block 20 (Input to MCU):
121 108 113 119 117 129 108 49 
122 111 116 118 111 121 117 83 
122 114 119 119 107 111 121 117 
118 115 119 120 109 103 110 118 
111 114 116 120 116 100 89 91 
103 115 115 116 122 103 73 63 
95 119 116 110 122 107 71 55 
90 122 118 105 119 110 76 60 

Block 21 (Input to MCU):
45 18 27 21 13 22 18 24 
35 11 24 24 21 30 20 21 
44 15 22 21 20 31 21 20 
74 33 27 15 12 26 21 22 
89 47 36 21 14 27 21 22 
83 47 45 34 26 33 22 21 
80 48 50 38 26 32 23 25 
88 54 50 32 16 25 23 31 

Block 22 (Input to MCU):
1 -4 -7 -1 12 23 26 25 
1 -5 -7 0 13 25 30 30 
1 -5 -7 0 15 29 36 36 
1 -5 -8 -1 16 31 40 42 
3 -4 -9 -2 14 31 40 43 
5 -3 -9 -5 11 27 37 41 
8 -2 -10 -7 7 23 33 37 
9 -1 -11 -9 4 19 30 33 

Block 23 (Input to MCU):
6 4 2 -2 -7 -12 -17 -20 
6 4 2 -3 -9 -15 -21 -24 
5 4 1 -4 -11 -20 -27 -32 
4 3 1 -4 -12 -23 -32 -38 
1 2 1 -3 -12 -23 -34 -40 
-2 0 1 -2 -9 -20 -31 -39 
-5 -2 1 0 -5 -16 -27 -35 
-7 -3 1 2 -3 -13 -24 -32 

