86 157 217
96 167 227
103 167 225
97 161 219
98 160 221
104 166 227
98 165 234
88 155 224
98 170 243
86 158 231
91 153 222
102 164 233
122 164 214
114 156 206
127 152 186
134 159 193
93 164 224
91 162 222
98 162 220
101 165 223
100 162 223
96 158 219
94 161 230
100 167 236
82 154 227
89 161 234
103 165 234
103 165 234
113 155 205
109 151 201
125 150 184
130 155 189
110 169 225
98 157 213
100 155 208
109 164 217
110 162 215
98 150 203
101 153 206
115 167 220
100 150 201
107 157 208
119 156 196
118 155 195
144 161 182
164 181 202
195 193 200
201 199 206
110 169 225
100 159 215
98 153 206
104 159 212
112 164 217
110 162 215
106 158 211
104 156 209
113 163 214
106 156 207
116 153 193
133 170 210
175 192 213
196 213 234
218 216 223
217 215 222
106 158 212
108 160 214
105 155 206
104 154 205
126 171 216
144 189 234
138 175 208
111 148 181
136 157 176
136 157 176
167 171 171
196 200 200
225 210 195
216 201 186
216 188 162
215 187 161
98 150 204
108 160 214
108 158 209
104 154 205
132 177 222
160 205 250
153 190 223
115 152 185
132 153 172
150 171 190
192 196 196
209 213 213
221 206 191
214 199 184
230 202 176
243 215 189
101 153 214
106 158 219
103 157 215
103 157 215
123 173 220
140 190 237
145 177 202
121 153 178
150 157 155
183 190 188
225 205 182
218 198 175
227 192 156
237 202 166
240 200 160
226 186 146
109 161 222
106 158 219
102 156 214
104 158 216
112 162 209
112 162 209
122 154 179
116 148 173
157 164 162
200 207 205
236 216 193
216 196 173
225 190 154
228 193 157
179 139 99
103 63 23
107 162 230
109 164 232
99 164 232
93 158 226
93 156 213
97 160 217
123 162 189
125 164 191
184 185 176
227 228 219
219 192 161
223 196 165
255 222 186
157 122 86
76 45 13
106 75 43
95 150 218
97 152 220
93 158 226
96 161 229
99 162 219
97 160 217
119 158 185
123 162 189
193 194 185
198 199 190
220 193 162
231 204 173
193 158 122
108 73 37
83 52 20
173 142 110
112 164 228
107 159 223
97 164 233
104 171 240
100 171 231
93 164 224
118 161 190
128 171 200
218 218 208
194 194 184
222 191 161
204 173 143
100 70 48
82 52 30
95 78 72
210 193 187
111 163 227
100 152 216
86 153 222
93 160 229
90 161 221
84 155 215
115 158 187
132 175 204
186 186 176
175 175 165
186 155 125
131 100 70
49 19 0
133 103 81
147 130 124
233 216 210
122 157 209
115 150 202
99 155 216
107 163 224
102 167 221
98 163 217
128 164 190
140 176 202
203 193 180
215 205 192
206 168 141
137 99 72
84 54 44
182 152 142
157 147 162
209 199 214
121 156 208
124 159 211
112 168 229
111 167 228
102 167 221
97 162 216
117 153 179
117 153 179
180 170 157
189 179 166
196 158 131
158 120 93
108 78 68
148 118 108
119 109 124
164 154 169
122 142 181
133 153 192
116 160 209
106 150 199
97 153 200
107 163 210
132 161 179
127 156 174
188 169 151
173 154 136
214 167 139
222 175 147
164 131 128
182 149 146
208 197 225
237 226 254
137 157 196
151 171 210
132 176 225
121 165 214
125 181 228
161 217 255
207 236 254
208 237 255
207 188 170
162 143 125
209 162 134
220 173 145
145 112 109
168 135 132
242 231 255
232 221 249
129 147 173
130 148 174
121 156 174
123 158 176
114 164 185
116 166 187
115 165 204
115 165 204
114 151 218
123 160 227
129 158 236
118 147 225
107 147 213
113 153 219
154 172 198
153 171 197
140 175 193
136 171 189
119 169 190
113 163 184
106 156 195
103 153 192
116 153 220
112 149 216
122 151 229
134 163 241
131 171 237
120 160 226
208 195 191
212 199 195
208 209 199
209 210 200
193 209 197
181 197 185
165 182 190
156 173 181
150 162 198
130 142 178
123 140 196
146 163 219
139 178 235
120 159 216
216 203 199
217 204 200
210 211 201
211 212 202
201 217 205
200 216 204
196 213 221
195 212 220
179 191 227
154 166 202
133 150 206
137 154 210
124 163 220
115 154 211
240 202 169
234 196 163
219 189 149
213 183 143
207 186 145
214 193 152
223 202 171
229 208 177
226 206 201
216 196 191
179 178 198
158 157 177
122 153 193
123 154 194
241 203 170
244 206 173
244 214 174
246 216 176
239 218 177
233 212 171
225 204 173
221 200 169
220 200 195
225 205 200
199 198 218
172 171 191
128 159 199
125 156 196
180 152 119
189 161 128
203 175 139
217 189 153
230 199 156
235 204 161
241 202 155
240 201 154
231 194 154
233 196 156
217 199 183
208 190 174
161 179 193
143 161 175
96 68 35
90 62 29
86 58 22
95 67 31
126 95 52
168 137 94
217 178 131
244 205 158
242 205 165
232 195 155
218 200 184
227 209 193
185 203 217
155 173 187
119 117 108
81 79 70
104 99 89
67 62 52
76 61 42
68 53 34
115 85 47
221 191 153
229 191 142
246 208 159
232 206 169
235 209 172
189 192 189
159 162 159
110 108 99
125 123 114
107 102 92
68 63 53
127 112 93
79 64 45
56 26 0
130 100 62
223 185 136
226 188 139
213 187 150
235 209 172
202 205 202
167 170 167
144 150 154
153 159 163
142 146 159
77 81 94
63 61 70
89 87 96
144 129 114
89 74 59
178 153 111
203 178 136
211 190 149
231 210 169
207 202 195
182 177 170
174 180 184
204 210 214
238 242 255
199 203 216
109 107 116
97 95 104
192 177 162
105 90 75
123 98 56
188 163 121
220 199 158
229 208 167
196 191 184
182 177 170
255 241 235
255 242 236
165 149 163
189 173 187
252 242 255
121 111 134
69 61 62
84 76 77
80 69 38
136 125 94
181 170 138
216 205 173
198 197 199
172 171 173
255 244 238
255 239 233
95 79 93
112 96 110
255 254 255
141 131 154
62 54 55
139 131 132
81 70 39
97 86 55
136 125 93
209 198 166
208 207 209
161 160 162
231 173 149
255 222 198
240 198 200
219 177 179
220 196 220
137 113 137
131 122 131
176 167 176
78 73 53
106 101 81
139 139 115
193 193 169
185 191 205
143 149 163
255 240 216
255 220 196
255 216 218
244 202 204
199 175 199
125 101 125
103 94 103
76 67 76
71 66 46
149 144 124
188 188 164
189 189 165
152 158 172
135 141 155
114 170 205
129 185 220
154 163 182
135 144 163
198 160 163
255 217 220
255 231 235
246 205 209
255 255 255
204 200 211
149 174 190
160 185 201
97 120 126
99 122 128
160 165 159
224 229 223
89 145 180
100 156 191
139 148 167
135 144 163
182 144 147
206 168 171
220 179 183
217 176 180
228 224 235
226 222 233
139 164 180
105 130 146
105 128 134
130 153 159
97 102 96
62 67 61
140 167 210
145 172 215
189 173 198
198 182 207
223 166 171
215 158 163
232 171 175
254 193 197
227 196 213
245 214 231
162 157 176
131 126 145
141 133 145
116 108 120
82 58 58
118 94 94
130 157 200
134 161 204
179 163 188
187 171 196
206 149 154
193 136 141
208 147 151
233 172 176
202 171 188
205 174 191
167 162 181
168 163 182
142 134 146
70 62 74
106 82 82
244 220 220
153 157 208
167 171 222
208 177 204
215 184 211
239 175 179
235 171 175
236 168 167
236 168 167
209 161 173
205 157 169
215 183 206
224 192 215
194 159 175
154 119 135
205 158 162
255 227 231
133 137 188
151 155 206
196 165 192
208 177 204
247 183 187
252 188 192
237 169 168
212 144 143
223 175 187
199 151 163
230 198 221
247 215 238
227 192 208
218 183 199
255 222 226
255 222 226
132 145 193
138 151 199
169 160 179
189 180 199
232 200 189
239 207 196
226 187 170
200 161 144
196 164 163
176 144 143
213 189 201
220 196 208
211 182 190
207 178 186
255 231 227
255 237 233
141 154 202
130 143 191
150 141 160
174 165 184
220 188 177
229 197 186
225 186 169
213 174 157
183 151 150
205 173 172
234 210 222
202 178 190
209 180 188
228 199 207
255 244 240
255 231 227
110 155 196
123 168 209
129 164 170
122 157 163
176 199 167
180 203 171
141 155 116
148 162 123
146 155 136
168 177 158
149 153 152
136 140 139
216 214 211
236 234 231
255 247 232
251 243 228
109 154 195
125 170 211
136 171 177
124 159 165
164 187 155
165 188 156
134 148 109
148 162 123
152 161 142
159 168 149
141 145 144
134 138 137
217 215 212
238 236 233
255 247 232
255 247 232
93 158 200
111 176 218
119 187 186
102 170 169
119 187 142
118 186 141
101 156 102
119 174 120
136 173 143
131 168 138
134 156 147
141 163 154
222 237 228
235 250 241
238 252 231
239 253 232
94 159 201
105 170 212
116 184 183
98 166 165
108 176 131
110 178 133
100 155 101
115 170 116
134 171 141
126 163 133
159 181 172
177 199 190
244 255 250
243 255 249
232 246 225
235 249 228
100 160 210
100 160 210
105 176 180
91 162 166
96 174 128
104 182 136
99 162 106
105 168 112
137 174 144
128 165 135
188 201 197
202 215 211
251 255 252
245 249 246
230 236 222
241 247 233
103 163 213
95 155 205
101 172 176
91 162 166
94 172 126
106 184 138
103 166 110
102 165 109
145 182 152
129 166 136
197 210 206
197 210 206
231 235 232
235 239 236
226 232 218
242 248 234
229 216 222
212 199 205
194 187 181
171 164 158
114 112 99
58 56 43
48 52 49
76 80 77
96 106 127
167 177 198
166 183 223
156 173 213
124 151 194
136 163 206
87 74 80
139 126 132
140 133 127
74 67 61
21 19 6
40 38 25
79 83 80
100 104 101
132 142 163
162 172 193
144 161 201
132 149 189
122 149 192
128 155 198
247 234 240
255 253 255
255 254 247
210 203 196
141 139 126
115 113 100
138 145 143
180 187 185
150 164 186
139 153 175
125 149 191
131 155 197
153 187 236
138 172 221
255 244 250
233 220 226
240 233 226
255 255 255
244 242 229
188 186 173
176 183 181
218 225 223
185 199 221
141 155 177
128 152 194
142 166 208
177 211 255
147 181 230
253 242 247
250 239 244
252 245 238
255 255 248
255 255 243
234 234 220
191 199 197
166 174 172
219 237 255
156 174 198
124 157 204
123 156 203
140 184 241
115 159 216
240 229 234
252 241 246
250 243 236
243 236 229
245 245 231
251 251 237
221 229 227
186 194 192
185 203 227
140 158 182
118 151 198
120 153 200
114 158 215
102 146 203
255 252 255
255 246 251
247 242 234
245 240 232
241 242 225
229 230 213
199 208 203
178 187 182
132 152 177
121 141 166
111 149 198
128 166 215
98 152 213
107 161 222
247 238 243
253 244 249
248 243 235
243 238 230
249 250 233
250 251 234
208 217 212
162 171 166
135 155 180
133 153 178
115 153 202
127 165 214
82 136 197
113 167 228
250 247 254
237 234 241
243 240 233
249 246 239
246 247 229
255 255 241
231 238 232
172 179 173
156 176 197
129 149 170
122 160 209
116 154 203
93 151 211
102 160 220
251 248 255
240 237 244
246 243 236
248 245 238
240 241 223
250 251 233
240 247 241
206 213 207
146 166 187
122 142 163
119 157 206
119 157 206
101 159 219
110 168 228
247 249 255
239 241 250
247 248 241
247 248 241
236 237 219
240 241 223
246 252 240
242 248 236
159 174 191
130 145 162
121 154 197
120 153 196
104 157 213
115 168 224
243 245 254
240 242 251
247 248 241
248 249 242
238 239 221
232 233 215
235 241 229
243 249 237
189 204 221
148 163 180
126 159 202
114 147 190
96 149 205
110 163 219
231 239 253
234 242 255
241 246 240
245 250 244
245 246 226
229 230 210
217 219 204
219 221 206
209 218 229
167 176 187
141 167 204
126 152 189
104 149 200
117 162 213
223 231 245
235 243 255
240 245 239
241 246 240
251 252 232
232 233 213
201 203 188
191 193 178
203 212 223
167 176 187
150 176 213
139 165 202
116 161 212
123 168 219
